# Made in Blockbench 4.11.2
mtllib Кагуне Канеки с анимацией 1.mtl

o cube
v 0.375 0.5 -0.07322330470336313
v 0.375 0.7209708691207961 -0.2941941738241592
v 0.375 0.41161165235168157 -0.16161165235168157
v 0.375 0.6325825214724776 -0.3825825214724776
v 0.25 0.7209708691207961 -0.2941941738241592
v 0.25 0.5 -0.07322330470336313
v 0.25 0.6325825214724776 -0.3825825214724776
v 0.25 0.41161165235168157 -0.16161165235168157
vt 0.25 0.75
vt 0.375 0.75
vt 0.375 0.625
vt 0.25 0.625
vt 0 1
vt 0.3125 1
vt 0.3125 0.875
vt 0 0.875
vt 0.3125 1
vt 0.4375 1
vt 0.4375 0.875
vt 0.3125 0.875
vt 0 0.875
vt 0.3125 0.875
vt 0.3125 0.75
vt 0 0.75
vt 0.125 0.4375
vt 0 0.4375
vt 0 0.75
vt 0.125 0.75
vt 0.25 0.75
vt 0.125 0.75
vt 0.125 0.4375
vt 0.25 0.4375
vn 0 0.7071067811865476 -0.7071067811865475
vn 1 0 0
vn 0 -0.7071067811865476 0.7071067811865475
vn -1 0 0
vn 0 0.7071067811865475 0.7071067811865476
vn 0 -0.7071067811865475 -0.7071067811865476
usemtl m_f51ce185-3543-d88e-59fe-313b267827a7
f 4/4/1 7/3/1 5/2/1 2/1/1
f 3/8/2 4/7/2 2/6/2 1/5/2
f 8/12/3 3/11/3 1/10/3 6/9/3
f 7/16/4 8/15/4 6/14/4 5/13/4
f 6/20/5 1/19/5 2/18/5 5/17/5
f 7/24/6 4/23/6 3/22/6 8/21/6
o cube
v 0.3125 0.6875 -0.25
v 0.3125 0.6875 -0.375
v 0.3125 0.5625 -0.25
v 0.3125 0.5625 -0.375
v -0.25 0.6875 -0.375
v -0.25 0.6875 -0.25
v -0.25 0.5625 -0.375
v -0.25 0.5625 -0.25
vt 0 1
vt 0.4375 1
vt 0.4375 0.875
vt 0 0.875
vt 0.4375 1
vt 0.5625 1
vt 0.5625 0.875
vt 0.4375 0.875
vt 0 0.875
vt 0.4375 0.875
vt 0.4375 0.75
vt 0 0.75
vt 0.4375 0.875
vt 0.5625 0.875
vt 0.5625 0.75
vt 0.4375 0.75
vt 0.4375 0.625
vt 0 0.625
vt 0 0.75
vt 0.4375 0.75
vt 0.4375 0.625
vt 0 0.625
vt 0 0.5
vt 0.4375 0.5
vn 0 0 -1
vn 1 0 0
vn 0 0 1
vn -1 0 0
vn 0 1 0
vn 0 -1 0
usemtl m_81506934-6f8c-df80-7f77-301748ecbf5d
f 12/28/7 15/27/7 13/26/7 10/25/7
f 11/32/8 12/31/8 10/30/8 9/29/8
f 16/36/9 11/35/9 9/34/9 14/33/9
f 15/40/10 16/39/10 14/38/10 13/37/10
f 14/44/11 9/43/11 10/42/11 13/41/11
f 15/48/12 12/47/12 11/46/12 16/45/12
o cube
v -0.2161752437408627 0.6441601853047736 -0.25
v -0.2161752437408627 0.6441601853047736 -0.3125
v -0.19225752921804456 0.5864177145228181 -0.25
v -0.19225752921804456 0.5864177145228181 -0.3125
v -0.38940265608672897 0.5724070417363192 -0.3125
v -0.38940265608672897 0.5724070417363192 -0.25
v -0.36548494156391087 0.5146645709543638 -0.3125
v -0.36548494156391087 0.5146645709543638 -0.25
vt 0 1
vt 0.1875 1
vt 0.1875 0.9375
vt 0 0.9375
vt 0.1875 1
vt 0.25 1
vt 0.25 0.9375
vt 0.1875 0.9375
vt 0 0.9375
vt 0.1875 0.9375
vt 0.1875 0.875
vt 0 0.875
vt 0.1875 0.9375
vt 0.25 0.9375
vt 0.25 0.875
vt 0.1875 0.875
vt 0.1875 0.8125
vt 0 0.8125
vt 0 0.875
vt 0.1875 0.875
vt 0.1875 0.8125
vt 0 0.8125
vt 0 0.75
vt 0.1875 0.75
vn 0 0 -1
vn 0.9238795325112867 0.3826834323650897 0
vn 0 0 1
vn -0.9238795325112867 -0.3826834323650897 0
vn -0.3826834323650897 0.9238795325112867 0
vn 0.3826834323650897 -0.9238795325112867 0
usemtl m_8b8178ed-d0db-4bf0-7e3d-bbb5363ac895
f 20/52/13 23/51/13 21/50/13 18/49/13
f 19/56/14 20/55/14 18/54/14 17/53/14
f 24/60/15 19/59/15 17/58/15 22/57/15
f 23/64/16 24/63/16 22/62/16 21/61/16
f 22/68/17 17/67/17 18/66/17 21/65/17
f 23/72/18 20/71/18 19/70/18 24/69/18
o cube
v 0.1875 0.125 -0.3125
v 0.1875 0.125 -0.4375
v 0.1875 0 -0.3125
v 0.1875 0 -0.4375
v -0.25 0.125 -0.4375
v -0.25 0.125 -0.3125
v -0.25 0 -0.4375
v -0.25 0 -0.3125
vt 0 1
vt 0.4375 1
vt 0.4375 0.875
vt 0 0.875
vt 0.4375 1
vt 0.5625 1
vt 0.5625 0.875
vt 0.4375 0.875
vt 0 0.875
vt 0.4375 0.875
vt 0.4375 0.75
vt 0 0.75
vt 0.4375 0.875
vt 0.5625 0.875
vt 0.5625 0.75
vt 0.4375 0.75
vt 0.4375 0.625
vt 0 0.625
vt 0 0.75
vt 0.4375 0.75
vt 0.4375 0.625
vt 0 0.625
vt 0 0.5
vt 0.4375 0.5
vn 0 0 -1
vn 1 0 0
vn 0 0 1
vn -1 0 0
vn 0 1 0
vn 0 -1 0
usemtl m_4e931260-c1fe-06ad-af62-ecaedef18bef
f 28/76/19 31/75/19 29/74/19 26/73/19
f 27/80/20 28/79/20 26/78/20 25/77/20
f 32/84/21 27/83/21 25/82/21 30/81/21
f 31/88/22 32/87/22 30/86/22 29/85/22
f 30/92/23 25/91/23 26/90/23 29/89/23
f 31/96/24 28/95/24 27/94/24 32/93/24
o cube
v 0.1875 0.125 0.4375
v 0.1875 0.125 0.3125
v 0.1875 0 0.4375
v 0.1875 0 0.3125
v -0.25 0.125 0.3125
v -0.25 0.125 0.4375
v -0.25 0 0.3125
v -0.25 0 0.4375
vt 0 1
vt 0.4375 1
vt 0.4375 0.875
vt 0 0.875
vt 0.4375 1
vt 0.5625 1
vt 0.5625 0.875
vt 0.4375 0.875
vt 0 0.875
vt 0.4375 0.875
vt 0.4375 0.75
vt 0 0.75
vt 0.4375 0.875
vt 0.5625 0.875
vt 0.5625 0.75
vt 0.4375 0.75
vt 0.4375 0.625
vt 0 0.625
vt 0 0.75
vt 0.4375 0.75
vt 0.4375 0.625
vt 0 0.625
vt 0 0.5
vt 0.4375 0.5
vn 0 0 -1
vn 1 0 0
vn 0 0 1
vn -1 0 0
vn 0 1 0
vn 0 -1 0
usemtl m_05fe08e1-502f-8e6d-e9aa-b3422f26edd5
f 36/100/25 39/99/25 37/98/25 34/97/25
f 35/104/26 36/103/26 34/102/26 33/101/26
f 40/108/27 35/107/27 33/106/27 38/105/27
f 39/112/28 40/111/28 38/110/28 37/109/28
f 38/116/29 33/115/29 34/114/29 37/113/29
f 39/120/30 36/119/30 35/118/30 40/117/30
o cube
v 0.3603354290456362 0.125 -0.13451505843608916
v 0.24074685643154567 0.125 -0.42322741234586625
v 0.3603354290456362 0 -0.13451505843608916
v 0.24074685643154567 0 -0.42322741234586625
v 0.12526191486763483 0.125 -0.37539198330023005
v 0.2448504874817254 0.125 -0.08667962939045293
v 0.12526191486763483 0 -0.37539198330023005
v 0.2448504874817254 0 -0.08667962939045293
vt 0.25 0.75
vt 0.375 0.75
vt 0.375 0.625
vt 0.25 0.625
vt 0 1
vt 0.3125 1
vt 0.3125 0.875
vt 0 0.875
vt 0.3125 1
vt 0.4375 1
vt 0.4375 0.875
vt 0.3125 0.875
vt 0 0.875
vt 0.3125 0.875
vt 0.3125 0.75
vt 0 0.75
vt 0.125 0.4375
vt 0 0.4375
vt 0 0.75
vt 0.125 0.75
vt 0.25 0.75
vt 0.125 0.75
vt 0.125 0.4375
vt 0.25 0.4375
vn -0.3826834323650897 0 -0.9238795325112867
vn 0.9238795325112867 0 -0.3826834323650897
vn 0.3826834323650897 0 0.9238795325112867
vn -0.9238795325112867 0 0.3826834323650897
vn 0 1 0
vn 0 -1 0
usemtl m_d18adcb4-ee52-1910-dc97-85468f37871e
f 44/124/31 47/123/31 45/122/31 42/121/31
f 43/128/32 44/127/32 42/126/32 41/125/32
f 48/132/33 43/131/33 41/130/33 46/129/33
f 47/136/34 48/135/34 46/134/34 45/133/34
f 46/140/35 41/139/35 42/138/35 45/137/35
f 47/144/36 44/143/36 43/142/36 48/141/36
o cube
v 0.2312317979954565 0.125 0.40856284139150245
v 0.35082037060954707 0.125 0.11985048748172537
v 0.2312317979954565 0 0.40856284139150245
v 0.35082037060954707 0 0.11985048748172537
v 0.2353354290456362 0.125 0.07201505843608916
v 0.11574685643154567 0.125 0.36072741234586625
v 0.2353354290456362 0 0.07201505843608916
v 0.11574685643154567 0 0.36072741234586625
vt 0.25 0.75
vt 0.375 0.75
vt 0.375 0.625
vt 0.25 0.625
vt 0 1
vt 0.3125 1
vt 0.3125 0.875
vt 0 0.875
vt 0.3125 1
vt 0.4375 1
vt 0.4375 0.875
vt 0.3125 0.875
vt 0 0.875
vt 0.3125 0.875
vt 0.3125 0.75
vt 0 0.75
vt 0.125 0.4375
vt 0 0.4375
vt 0 0.75
vt 0.125 0.75
vt 0.25 0.75
vt 0.125 0.75
vt 0.125 0.4375
vt 0.25 0.4375
vn 0.3826834323650897 0 -0.9238795325112867
vn 0.9238795325112867 0 0.3826834323650897
vn -0.3826834323650897 0 0.9238795325112867
vn -0.9238795325112867 0 -0.3826834323650897
vn 0 1 0
vn 0 -1 0
usemtl m_462c18ac-7416-3a8e-f3f4-3bd75c774638
f 52/148/37 55/147/37 53/146/37 50/145/37
f 51/152/38 52/151/38 50/150/38 49/149/38
f 56/156/39 51/155/39 49/154/39 54/153/39
f 55/160/40 56/159/40 54/158/40 53/157/40
f 54/164/41 49/163/41 50/162/41 53/161/41
f 55/168/42 52/167/42 51/166/42 56/165/42
o cube
v -0.16833981469522646 0.0625 -0.34117524374086267
v -0.19225752921804456 0.0625 -0.3989177145228181
v -0.16833981469522646 0 -0.34117524374086267
v -0.19225752921804456 0 -0.3989177145228181
v -0.36548494156391087 0.0625 -0.3271645709543638
v -0.34156722704109277 0.0625 -0.26942210017240836
v -0.36548494156391087 0 -0.3271645709543638
v -0.34156722704109277 0 -0.26942210017240836
vt 0 1
vt 0.1875 1
vt 0.1875 0.9375
vt 0 0.9375
vt 0.1875 1
vt 0.25 1
vt 0.25 0.9375
vt 0.1875 0.9375
vt 0 0.9375
vt 0.1875 0.9375
vt 0.1875 0.875
vt 0 0.875
vt 0.1875 0.9375
vt 0.25 0.9375
vt 0.25 0.875
vt 0.1875 0.875
vt 0.1875 0.8125
vt 0 0.8125
vt 0 0.875
vt 0.1875 0.875
vt 0.1875 0.8125
vt 0 0.8125
vt 0 0.75
vt 0.1875 0.75
vn -0.3826834323650897 0 -0.9238795325112867
vn 0.9238795325112867 0 -0.3826834323650897
vn 0.3826834323650897 0 0.9238795325112867
vn -0.9238795325112867 0 0.3826834323650897
vn 0 1 0
vn 0 -1 0
usemtl m_c08414f4-c85a-ba75-c1b2-c71dcbefc115
f 60/172/43 63/171/43 61/170/43 58/169/43
f 59/176/44 60/175/44 58/174/44 57/173/44
f 64/180/45 59/179/45 57/178/45 62/177/45
f 63/184/46 64/183/46 62/182/46 61/181/46
f 62/188/47 57/187/47 58/186/47 61/185/47
f 63/192/48 60/191/48 59/190/48 64/189/48
o cube
v -0.2161752437408627 0.0625 0.39416018530477354
v -0.19225752921804456 0.0625 0.3364177145228181
v -0.2161752437408627 0 0.39416018530477354
v -0.19225752921804456 0 0.3364177145228181
v -0.36548494156391087 0.0625 0.2646645709543638
v -0.38940265608672897 0.0625 0.3224070417363192
v -0.36548494156391087 0 0.2646645709543638
v -0.38940265608672897 0 0.3224070417363192
vt 0 1
vt 0.1875 1
vt 0.1875 0.9375
vt 0 0.9375
vt 0.1875 1
vt 0.25 1
vt 0.25 0.9375
vt 0.1875 0.9375
vt 0 0.9375
vt 0.1875 0.9375
vt 0.1875 0.875
vt 0 0.875
vt 0.1875 0.9375
vt 0.25 0.9375
vt 0.25 0.875
vt 0.1875 0.875
vt 0.1875 0.8125
vt 0 0.8125
vt 0 0.875
vt 0.1875 0.875
vt 0.1875 0.8125
vt 0 0.8125
vt 0 0.75
vt 0.1875 0.75
vn 0.3826834323650897 0 -0.9238795325112867
vn 0.9238795325112867 0 0.3826834323650897
vn -0.3826834323650897 0 0.9238795325112867
vn -0.9238795325112867 0 -0.3826834323650897
vn 0 1 0
vn 0 -1 0
usemtl m_08fb73c2-ab41-560a-325e-b034b8a1cd2f
f 68/196/49 71/195/49 69/194/49 66/193/49
f 67/200/50 68/199/50 66/198/50 65/197/50
f 72/204/51 67/203/51 65/202/51 70/201/51
f 71/208/52 72/207/52 70/206/52 69/205/52
f 70/212/53 65/211/53 66/210/53 69/209/53
f 71/216/54 68/215/54 67/214/54 72/213/54
o cube
v 0.375 0.39416018530477354 -0.028675243740862687
v 0.375 0.37024247078195544 -0.0864177145228181
v 0.375 0.22093277295890726 0.04307789982759164
v 0.375 0.19701505843608916 -0.014664570954363784
v 0.25 0.37024247078195544 -0.0864177145228181
v 0.25 0.39416018530477354 -0.028675243740862687
v 0.25 0.19701505843608916 -0.014664570954363784
v 0.25 0.22093277295890726 0.04307789982759164
vt 0.125 0.4375
vt 0.25 0.4375
vt 0.25 0.75
vt 0.125 0.75
vt 0.3125 1
vt 0.3125 0.875
vt 0 0.875
vt 0 1
vt 0.125 0.4375
vt 0 0.4375
vt 0 0.75
vt 0.125 0.75
vt 0 0.75
vt 0 0.875
vt 0.3125 0.875
vt 0.3125 0.75
vt 0.375 0.625
vt 0.25 0.625
vt 0.25 0.75
vt 0.375 0.75
vt 0.3125 1
vt 0.4375 1
vt 0.4375 0.875
vt 0.3125 0.875
vn 0 -0.3826834323650897 -0.9238795325112867
vn 1 0 0
vn 0 0.3826834323650897 0.9238795325112867
vn -1 0 0
vn 0 0.9238795325112867 -0.3826834323650897
vn 0 -0.9238795325112867 0.3826834323650897
usemtl m_f51ce185-3543-d88e-59fe-313b267827a7
f 76/220/55 79/219/55 77/218/55 74/217/55
f 75/224/56 76/223/56 74/222/56 73/221/56
f 80/228/57 75/227/57 73/226/57 78/225/57
f 79/232/58 80/231/58 78/230/58 77/229/58
f 78/236/59 73/235/59 74/234/59 77/233/59
f 79/240/60 76/239/60 75/238/60 80/237/60
o cube
v 0.375 0.375 0.051776695296636865
v 0.375 0.5075825214724776 -0.08080582617584077
v 0.375 0.28661165235168157 -0.03661165235168157
v 0.375 0.41919417382415924 -0.16919417382415922
v 0.25 0.5075825214724776 -0.08080582617584077
v 0.25 0.375 0.051776695296636865
v 0.25 0.41919417382415924 -0.16919417382415922
v 0.25 0.28661165235168157 -0.03661165235168157
vt 0.25 0.75
vt 0.375 0.75
vt 0.375 0.625
vt 0.25 0.625
vt 0 1
vt 0.3125 1
vt 0.3125 0.875
vt 0 0.875
vt 0.3125 1
vt 0.4375 1
vt 0.4375 0.875
vt 0.3125 0.875
vt 0 0.875
vt 0.3125 0.875
vt 0.3125 0.75
vt 0 0.75
vt 0.125 0.4375
vt 0 0.4375
vt 0 0.75
vt 0.125 0.75
vt 0.25 0.75
vt 0.125 0.75
vt 0.125 0.4375
vt 0.25 0.4375
vn 0 0.7071067811865476 -0.7071067811865475
vn 1 0 0
vn 0 -0.7071067811865476 0.7071067811865475
vn -1 0 0
vn 0 0.7071067811865475 0.7071067811865476
vn 0 -0.7071067811865475 -0.7071067811865476
usemtl m_f51ce185-3543-d88e-59fe-313b267827a7
f 84/244/61 87/243/61 85/242/61 82/241/61
f 83/248/62 84/247/62 82/246/62 81/245/62
f 88/252/63 83/251/63 81/250/63 86/249/63
f 87/256/64 88/255/64 86/254/64 85/253/64
f 86/260/65 81/259/65 82/258/65 85/257/65
f 87/264/66 84/263/66 83/262/66 88/261/66
o cube
v 0.375 0.21338834764831843 -6.938893903907228e-18
v 0.375 0.16919417382415922 -0.04419417382415922
v 0.375 0.08080582617584078 0.13258252147247768
v 0.375 0.03661165235168157 0.08838834764831845
v 0.25 0.16919417382415922 -0.04419417382415922
v 0.25 0.21338834764831843 -6.938893903907228e-18
v 0.25 0.03661165235168157 0.08838834764831845
v 0.25 0.08080582617584078 0.13258252147247768
vt 0.125 0.4375
vt 0.25 0.4375
vt 0.25 0.75
vt 0.125 0.75
vt 0.3125 1
vt 0.3125 0.875
vt 0 0.875
vt 0 1
vt 0.125 0.4375
vt 0 0.4375
vt 0 0.75
vt 0.125 0.75
vt 0 0.75
vt 0 0.875
vt 0.3125 0.875
vt 0.3125 0.75
vt 0.375 0.625
vt 0.25 0.625
vt 0.25 0.75
vt 0.375 0.75
vt 0.3125 1
vt 0.4375 1
vt 0.4375 0.875
vt 0.3125 0.875
vn 0 -0.7071067811865476 -0.7071067811865475
vn 1 0 0
vn 0 0.7071067811865476 0.7071067811865475
vn -1 0 0
vn 0 0.7071067811865475 -0.7071067811865476
vn 0 -0.7071067811865475 0.7071067811865476
usemtl m_f51ce185-3543-d88e-59fe-313b267827a7
f 92/268/67 95/267/67 93/266/67 90/265/67
f 91/272/68 92/271/68 90/270/68 89/269/68
f 96/276/69 91/275/69 89/274/69 94/273/69
f 95/280/70 96/279/70 94/278/70 93/277/70
f 94/284/71 89/283/71 90/282/71 93/281/71
f 95/288/72 92/287/72 91/286/72 96/285/72
o cube
v 0.375 0.19508252147247768 -0.01830582617584079
v 0.375 0.06249999999999999 -0.15088834764831843
v 0.375 0.15088834764831843 0.025888347648318433
v 0.375 0.018305826175840777 -0.10669417382415922
v 0.25 0.06249999999999999 -0.15088834764831843
v 0.25 0.19508252147247768 -0.01830582617584079
v 0.25 0.018305826175840777 -0.10669417382415922
v 0.25 0.15088834764831843 0.025888347648318433
vt 0.25 0.75
vt 0.375 0.75
vt 0.375 0.625
vt 0.25 0.625
vt 0 1
vt 0.3125 1
vt 0.3125 0.875
vt 0 0.875
vt 0.3125 1
vt 0.4375 1
vt 0.4375 0.875
vt 0.3125 0.875
vt 0 0.875
vt 0.3125 0.875
vt 0.3125 0.75
vt 0 0.75
vt 0.125 0.4375
vt 0 0.4375
vt 0 0.75
vt 0.125 0.75
vt 0.25 0.75
vt 0.125 0.75
vt 0.125 0.4375
vt 0.25 0.4375
vn 0 -0.7071067811865476 -0.7071067811865475
vn 1 0 0
vn 0 0.7071067811865476 0.7071067811865475
vn -1 0 0
vn 0 0.7071067811865475 -0.7071067811865476
vn 0 -0.7071067811865475 0.7071067811865476
usemtl m_f51ce185-3543-d88e-59fe-313b267827a7
f 100/292/73 103/291/73 101/290/73 98/289/73
f 99/296/74 100/295/74 98/294/74 97/293/74
f 104/300/75 99/299/75 97/298/75 102/297/75
f 103/304/76 104/303/76 102/302/76 101/301/76
f 102/308/77 97/307/77 98/306/77 101/305/77
f 103/312/78 100/311/78 99/310/78 104/309/78